            age  workclass_cat    fnlwgt  education_cat  education_num  \
0      0.030670       2.624257 -1.063594      -0.335432       1.134721   
1      0.837096       1.721073 -1.008692      -0.335432       1.134721   
2     -0.042641      -0.085295  0.245075       0.181329      -0.420053   
3      1.057031      -0.085295  0.425795      -2.402474      -1.197440   
4     -0.775756      -0.085295  1.408154      -0.335432       1.134721   
5     -0.115953      -0.085295  0.898187       0.439709       1.523415   
6      0.763785      -0.085295 -0.280354      -1.110573      -1.974828   
7      0.983719       1.721073  0.188192       0.181329      -0.420053   
8     -0.555822      -0.085295 -1.364258       0.439709       1.523415   
9      0.250604      -0.085295 -0.287346      -0.335432       1.134721   
10    -0.115953      -0.085295  0.859172       1.214850      -0.031360   
11    -0.629133       2.624257 -0.459321      -0.335432       1.134721   
12    -1.142313      -0.085295 -0.639568      -0.335432       1.134721   
13    -0.482510      -0.085295  0.144393      -0.852192       0.746028   
14     0.103982      -0.085295 -0.644305      -0.593812       0.357334   
15    -0.335887      -0.085295  0.527794      -1.368953      -2.363521   
16    -0.995690       1.721073 -0.123376       0.181329      -0.420053   
17    -0.482510      -0.085295 -0.027990       0.181329      -0.420053   
18    -0.042641      -0.085295 -1.524315      -2.402474      -1.197440   
19     0.323916       1.721073  0.970125       0.439709       1.523415   
20     0.103982      -0.085295  0.035487      -0.077051       2.300802   
21     1.130342      -0.085295  1.064592       0.181329      -0.420053   
22    -0.262576      -2.794847 -1.069952      -1.110573      -1.974828   
23     0.323916      -0.085295 -0.689165      -2.402474      -1.197440   
24     1.496899      -0.085295 -0.765167       0.181329      -0.420053   
25     1.276965      -1.891663  0.256491      -0.335432       1.134721   
26    -1.435559      -0.085295 -0.203547       0.181329      -0.420053   
27     1.130342      -0.085295 -0.090643       1.214850      -0.031360   
28     0.030670      -0.085295  1.681494       0.181329      -0.420053   
29     0.763785      -0.085295  0.033990       0.181329      -0.420053   
...         ...            ...       ...            ...            ...   
32531 -0.629133      -0.085295 -1.477664      -0.335432       1.134721   
32532 -0.335887      -0.085295  0.139106      -0.077051       2.300802   
32533  1.130342      -0.085295  1.404203      -0.335432       1.134721   
32534 -0.115953      -0.085295 -0.100818       1.214850      -0.031360   
32535 -1.215625      -0.085295  1.281427      -2.144094      -0.808747   
32536 -0.335887      -0.085295 -0.280079      -0.335432       1.134721   
32537 -0.629133      -0.085295  1.479106       0.181329      -0.420053   
32538 -0.042641      -0.085295 -0.479378      -0.335432       1.134721   
32539  2.376637      -0.085295  0.924620      -0.077051       2.300802   
32540  0.470539       2.624257  0.591470       0.181329      -0.420053   
32541  0.177293      -0.085295  0.123578       0.181329      -0.420053   
32542  2.449948      -0.085295 -0.567185       0.181329      -0.420053   
32543  0.470539      -1.891663 -0.668682      -0.852192       0.746028   
32544 -0.555822      -0.085295  0.093573       0.439709       1.523415   
32545  0.030670      -1.891663 -0.741633      -0.852192       0.746028   
32546 -0.115953      -0.085295  0.079940      -0.852192       0.746028   
32547  0.323916      -0.085295  0.672503       0.181329      -0.420053   
32548  1.936768       1.721073 -0.856650       0.956470       1.912109   
32549  0.323916       2.624257  0.625833       1.214850      -0.031360   
32550  0.323916       1.721073 -1.539900       1.214850      -0.031360   
32551 -0.482510      -0.085295 -1.475248      -2.660855      -1.586134   
32552  0.323916      -0.085295 -0.995901      -0.593812       0.357334   
32553 -0.482510      -0.085295 -0.697682       0.439709       1.523415   
32554  1.057031      -0.085295  1.251413       0.439709       1.523415   
32555 -1.215625      -0.085295  1.140442       1.214850      -0.031360   
32556 -0.849067      -0.085295  0.639731      -0.852192       0.746028   
32557  0.103982      -0.085295 -0.335428       0.181329      -0.420053   
32558  1.423588      -0.085295 -0.358772       0.181329      -0.420053   
32559 -1.215625      -0.085295  0.110958       0.181329      -0.420053   
32560  0.983719       0.817889  0.929878       0.181329      -0.420053   

       marital_cat  occupation_cat  relationship_cat  race_cat  sex_cat  \
0         0.921620       -1.545232         -0.277801       NaN      NaN   
1        -0.406206       -0.790080         -0.900167       NaN      NaN   
2        -1.734032       -0.286645         -0.277801       NaN      NaN   
3        -0.406206       -0.286645         -0.900167       NaN      NaN   
4        -0.406206        0.720225          2.211664       NaN      NaN   
5        -0.406206       -0.790080          2.211664       NaN      NaN   
6         0.257707        0.216790         -0.277801       NaN      NaN   
7        -0.406206       -0.790080         -0.900167       NaN      NaN   
8         0.921620        0.720225         -0.277801       NaN      NaN   
9        -0.406206       -0.790080         -0.900167       NaN      NaN   
10       -0.406206       -0.790080         -0.900167       NaN      NaN   
11       -0.406206        0.720225         -0.900167       NaN      NaN   
12        0.921620       -1.545232          0.966932       NaN      NaN   
13        0.921620        1.223660         -0.277801       NaN      NaN   
14       -0.406206       -1.041797         -0.900167       NaN      NaN   
15       -0.406206        1.727095         -0.900167       NaN      NaN   
16        0.921620       -0.538362          0.966932       NaN      NaN   
17        0.921620       -0.034927          1.589298       NaN      NaN   
18       -0.406206        1.223660         -0.900167       NaN      NaN   
19       -1.734032       -0.790080          1.589298       NaN      NaN   
20       -0.406206        0.720225         -0.900167       NaN      NaN   
21        1.585533        0.216790          1.589298       NaN      NaN   
22       -0.406206       -0.538362         -0.900167       NaN      NaN   
23       -0.406206        1.727095         -0.900167       NaN      NaN   
24       -1.734032        1.475378          1.589298       NaN      NaN   
25       -0.406206        1.475378         -0.900167       NaN      NaN   
26        0.921620       -1.041797          0.966932       NaN      NaN   
27       -0.406206        0.720225         -0.900167       NaN      NaN   
28       -1.734032       -0.790080         -0.277801       NaN      NaN   
29       -0.406206       -1.041797         -0.900167       NaN      NaN   
...            ...             ...               ...       ...      ...   
32531     0.921620        0.720225         -0.277801       NaN      NaN   
32532    -0.406206        0.720225         -0.900167       NaN      NaN   
32533    -0.406206       -0.790080         -0.900167       NaN      NaN   
32534    -1.734032       -1.545232          1.589298       NaN      NaN   
32535     0.921620        0.971943          0.966932       NaN      NaN   
32536     0.921620       -0.790080         -0.277801       NaN      NaN   
32537     0.921620       -1.041797         -0.277801       NaN      NaN   
32538    -1.734032        0.720225          1.589298       NaN      NaN   
32539    -0.406206        0.720225         -0.900167       NaN      NaN   
32540     1.585533       -1.545232          0.966932       NaN      NaN   
32541     1.585533        0.720225         -0.277801       NaN      NaN   
32542    -0.406206        0.720225         -0.900167       NaN      NaN   
32543    -1.734032        0.720225          1.589298       NaN      NaN   
32544    -1.734032        0.216790         -0.277801       NaN      NaN   
32545    -0.406206       -1.545232          2.211664       NaN      NaN   
32546    -1.734032        1.475378         -0.277801       NaN      NaN   
32547    -0.406206       -0.034927         -0.900167       NaN      NaN   
32548     0.921620        0.720225         -0.277801       NaN      NaN   
32549    -1.734032       -1.545232          0.344565       NaN      NaN   
32550    -0.406206       -1.041797         -0.900167       NaN      NaN   
32551    -0.406206       -0.286645         -0.900167       NaN      NaN   
32552    -0.406206        1.223660         -0.900167       NaN      NaN   
32553     0.921620        1.475378         -0.277801       NaN      NaN   
32554    -0.406206       -0.790080         -0.900167       NaN      NaN   
32555     0.921620        0.971943         -0.277801       NaN      NaN   
32556    -0.406206        1.475378          2.211664       NaN      NaN   
32557    -0.406206       -0.034927         -0.900167       NaN      NaN   
32558     2.249446       -1.545232          1.589298       NaN      NaN   
32559     0.921620       -1.545232          0.966932       NaN      NaN   
32560    -0.406206       -0.790080          2.211664       NaN      NaN   

       capital_gain  capital_loss  hours_per_week  native_country_cat income  
0          0.148451     -0.216656       -0.035429            0.261366  <=50K  
1         -0.145918     -0.216656       -2.222119            0.261366  <=50K  
2         -0.145918     -0.216656       -0.035429            0.261366  <=50K  
3         -0.145918     -0.216656       -0.035429            0.261366  <=50K  
4         -0.145918     -0.216656       -0.035429           -5.352858  <=50K  
5         -0.145918     -0.216656       -0.035429            0.261366  <=50K  
6         -0.145918     -0.216656       -1.979153           -2.380622  <=50K  
7         -0.145918     -0.216656        0.369514            0.261366   >50K  
8          1.761115     -0.216656        0.774456            0.261366   >50K  
9          0.555205     -0.216656       -0.035429            0.261366   >50K  
10        -0.145918     -0.216656        3.204112            0.261366   >50K  
11        -0.145918     -0.216656       -0.035429           -3.041119   >50K  
12        -0.145918     -0.216656       -0.845314            0.261366  <=50K  
13        -0.145918     -0.216656        0.774456            0.261366  <=50K  
14        -0.145918     -0.216656       -0.035429            0.261366   >50K  
15        -0.145918     -0.216656        0.369514           -1.885249  <=50K  
16        -0.145918     -0.216656       -0.440372            0.261366  <=50K  
17        -0.145918     -0.216656       -0.035429            0.261366  <=50K  
18        -0.145918     -0.216656        0.774456            0.261366  <=50K  
19        -0.145918     -0.216656        0.369514            0.261366   >50K  
20        -0.145918     -0.216656        1.584342            0.261366   >50K  
21        -0.145918     -0.216656       -1.655199            0.261366  <=50K  
22        -0.145918     -0.216656       -0.035429            0.261366  <=50K  
23        -0.145918      4.850842       -0.035429            0.261366  <=50K  
24        -0.145918     -0.216656       -0.035429            0.261366  <=50K  
25        -0.145918     -0.216656       -0.035429            0.261366   >50K  
26        -0.145918     -0.216656       -0.035429            0.261366  <=50K  
27        -0.145918     -0.216656        1.584342           -0.399131   >50K  
28        -0.145918     -0.216656        3.204112            0.261366  <=50K  
29        -0.145918     -0.216656       -0.035429            0.261366  <=50K  
...             ...           ...             ...                 ...    ...  
32531     -0.145918     -0.216656        4.742894            0.261366  <=50K  
32532     -0.145918     -0.216656        1.584342            0.261366   >50K  
32533     -0.145918     -0.216656        0.774456           -2.215497   >50K  
32534     -0.145918     -0.216656       -0.116417            0.261366  <=50K  
32535     -0.145918     -0.216656       -0.440372            0.261366  <=50K  
32536     -0.145918     -0.216656        1.179399            0.261366   >50K  
32537     -0.145918     -0.216656        0.450502            0.261366  <=50K  
32538      1.887854     -0.216656        0.369514            0.261366   >50K  
32539     -0.145918     -0.216656       -2.465085            0.261366   >50K  
32540     -0.145918     -0.216656       -0.035429            0.261366  <=50K  
32541     -0.145918     -0.216656       -0.683337            0.261366  <=50K  
32542     -0.145918     -0.216656       -1.250257            0.261366  <=50K  
32543     -0.145918     -0.216656        0.612479            0.261366  <=50K  
32544     -0.145918     -0.216656       -0.845314            0.261366  <=50K  
32545     -0.145918     -0.216656       -1.655199            0.261366   >50K  
32546     -0.145918     -0.216656       -0.035429            0.261366  <=50K  
32547     -0.145918     -0.216656       -0.035429           -1.885249  <=50K  
32548      0.001131     -0.216656        1.584342            0.261366  <=50K  
32549     -0.145918     -0.216656       -0.035429            0.261366  <=50K  
32550     -0.145918     -0.216656        0.774456            0.261366  <=50K  
32551     -0.145918     -0.216656       -0.035429            0.261366  <=50K  
32552     -0.145918     -0.216656        0.369514            0.261366  <=50K  
32553     -0.145918     -0.216656       -2.384096           -0.234007  <=50K  
32554     -0.145918     -0.216656       -0.035429            0.261366   >50K  
32555     -0.145918     -0.216656       -0.035429            0.261366  <=50K  
32556     -0.145918     -0.216656       -0.197406            0.261366  <=50K  
32557     -0.145918     -0.216656       -0.035429            0.261366   >50K  
32558     -0.145918     -0.216656       -0.035429            0.261366  <=50K  
32559     -0.145918     -0.216656       -1.655199            0.261366  <=50K  
32560      1.888395     -0.216656       -0.035429            0.261366   >50K  

[32561 rows x 15 columns]