       age  workclass_cat  fnlwgt  education_cat  education_num  marital_cat  \
0       39              6   77516              9             13            4   
1       50              5   83311              9             13            2   
2       38              3  215646             11              9            0   
3       53              3  234721              1              7            2   
4       28              3  338409              9             13            2   
5       37              3  284582             12             14            2   
6       49              3  160187              6              5            3   
7       52              5  209642             11              9            2   
8       31              3   45781             12             14            4   
9       42              3  159449              9             13            2   
10      37              3  280464             15             10            2   
11      30              6  141297              9             13            2   
12      23              3  122272              9             13            4   
13      32              3  205019              7             12            4   
14      40              3  121772              8             11            2   
15      34              3  245487              5              4            2   
16      25              5  176756             11              9            4   
17      32              3  186824             11              9            4   
18      38              3   28887              1              7            2   
19      43              5  292175             12             14            0   
20      40              3  193524             10             16            2   
21      54              3  302146             11              9            5   
22      35              0   76845              6              5            2   
23      43              3  117037              1              7            2   
24      59              3  109015             11              9            0   
25      56              1  216851              9             13            2   
26      19              3  168294             11              9            4   
27      54              3  180211             15             10            2   
28      39              3  367260             11              9            0   
29      49              3  193366             11              9            2   
...    ...            ...     ...            ...            ...          ...   
32531   30              3   33811              9             13            4   
32532   34              3  204461             10             16            2   
32533   54              3  337992              9             13            2   
32534   37              3  179137             15             10            0   
32535   22              3  325033              2              8            4   
32536   34              3  160216              9             13            4   
32537   30              3  345898             11              9            4   
32538   38              3  139180              9             13            0   
32539   71              3  287372             10             16            2   
32540   45              6  252208             11              9            5   
32541   41              3  202822             11              9            5   
32542   72              3  129912             11              9            2   
32543   45              1  119199              7             12            0   
32544   31              3  199655             12             14            0   
32545   39              1  111499              7             12            2   
32546   37              3  198216              7             12            0   
32547   43              3  260761             11              9            2   
32548   65              5   99359             14             15            4   
32549   43              6  255835             15             10            0   
32550   43              5   27242             15             10            2   
32551   32              3   34066              0              6            2   
32552   43              3   84661              8             11            2   
32553   32              3  116138             12             14            4   
32554   53              3  321865             12             14            2   
32555   22              3  310152             15             10            4   
32556   27              3  257302              7             12            2   
32557   40              3  154374             11              9            2   
32558   58              3  151910             11              9            6   
32559   22              3  201490             11              9            4   
32560   52              4  287927             11              9            2   

       occupation_cat  relationship_cat  race_cat  sex_cat  capital_gain  \
0                   0                 1       NaN      NaN          2174   
1                   3                 0       NaN      NaN             0   
2                   5                 1       NaN      NaN             0   
3                   5                 0       NaN      NaN             0   
4                   9                 5       NaN      NaN             0   
5                   3                 5       NaN      NaN             0   
6                   7                 1       NaN      NaN             0   
7                   3                 0       NaN      NaN             0   
8                   9                 1       NaN      NaN         14084   
9                   3                 0       NaN      NaN          5178   
10                  3                 0       NaN      NaN             0   
11                  9                 0       NaN      NaN             0   
12                  0                 3       NaN      NaN             0   
13                 11                 1       NaN      NaN             0   
14                  2                 0       NaN      NaN             0   
15                 13                 0       NaN      NaN             0   
16                  4                 3       NaN      NaN             0   
17                  6                 4       NaN      NaN             0   
18                 11                 0       NaN      NaN             0   
19                  3                 4       NaN      NaN             0   
20                  9                 0       NaN      NaN             0   
21                  7                 4       NaN      NaN             0   
22                  4                 0       NaN      NaN             0   
23                 13                 0       NaN      NaN             0   
24                 12                 4       NaN      NaN             0   
25                 12                 0       NaN      NaN             0   
26                  2                 3       NaN      NaN             0   
27                  9                 0       NaN      NaN             0   
28                  3                 1       NaN      NaN             0   
29                  2                 0       NaN      NaN             0   
...               ...               ...       ...      ...           ...   
32531               9                 1       NaN      NaN             0   
32532               9                 0       NaN      NaN             0   
32533               3                 0       NaN      NaN             0   
32534               0                 4       NaN      NaN             0   
32535              10                 3       NaN      NaN             0   
32536               3                 1       NaN      NaN             0   
32537               2                 1       NaN      NaN             0   
32538               9                 4       NaN      NaN         15020   
32539               9                 0       NaN      NaN             0   
32540               0                 3       NaN      NaN             0   
32541               9                 1       NaN      NaN             0   
32542               9                 0       NaN      NaN             0   
32543               9                 4       NaN      NaN             0   
32544               7                 1       NaN      NaN             0   
32545               0                 5       NaN      NaN             0   
32546              12                 1       NaN      NaN             0   
32547               6                 0       NaN      NaN             0   
32548               9                 1       NaN      NaN          1086   
32549               0                 2       NaN      NaN             0   
32550               2                 0       NaN      NaN             0   
32551               5                 0       NaN      NaN             0   
32552              11                 0       NaN      NaN             0   
32553              12                 1       NaN      NaN             0   
32554               3                 0       NaN      NaN             0   
32555              10                 1       NaN      NaN             0   
32556              12                 5       NaN      NaN             0   
32557               6                 0       NaN      NaN             0   
32558               0                 4       NaN      NaN             0   
32559               0                 3       NaN      NaN             0   
32560               3                 5       NaN      NaN         15024   

       capital_loss  hours_per_week  native_country_cat income  
0                 0              40                  38  <=50K  
1                 0              13                  38  <=50K  
2                 0              40                  38  <=50K  
3                 0              40                  38  <=50K  
4                 0              40                   4  <=50K  
5                 0              40                  38  <=50K  
6                 0              16                  22  <=50K  
7                 0              45                  38   >50K  
8                 0              50                  38   >50K  
9                 0              40                  38   >50K  
10                0              80                  38   >50K  
11                0              40                  18   >50K  
12                0              30                  38  <=50K  
13                0              50                  38  <=50K  
14                0              40                  38   >50K  
15                0              45                  25  <=50K  
16                0              35                  38  <=50K  
17                0              40                  38  <=50K  
18                0              50                  38  <=50K  
19                0              45                  38   >50K  
20                0              60                  38   >50K  
21                0              20                  38  <=50K  
22                0              40                  38  <=50K  
23             2042              40                  38  <=50K  
24                0              40                  38  <=50K  
25                0              40                  38   >50K  
26                0              40                  38  <=50K  
27                0              60                  34   >50K  
28                0              80                  38  <=50K  
29                0              40                  38  <=50K  
...             ...             ...                 ...    ...  
32531             0              99                  38  <=50K  
32532             0              60                  38   >50K  
32533             0              50                  23   >50K  
32534             0              39                  38  <=50K  
32535             0              35                  38  <=50K  
32536             0              55                  38   >50K  
32537             0              46                  38  <=50K  
32538             0              45                  38   >50K  
32539             0              10                  38   >50K  
32540             0              40                  38  <=50K  
32541             0              32                  38  <=50K  
32542             0              25                  38  <=50K  
32543             0              48                  38  <=50K  
32544             0              30                  38  <=50K  
32545             0              20                  38   >50K  
32546             0              40                  38  <=50K  
32547             0              40                  25  <=50K  
32548             0              60                  38  <=50K  
32549             0              40                  38  <=50K  
32550             0              50                  38  <=50K  
32551             0              40                  38  <=50K  
32552             0              45                  38  <=50K  
32553             0              11                  35  <=50K  
32554             0              40                  38   >50K  
32555             0              40                  38  <=50K  
32556             0              38                  38  <=50K  
32557             0              40                  38   >50K  
32558             0              40                  38  <=50K  
32559             0              20                  38  <=50K  
32560             0              40                  38   >50K  

[32561 rows x 15 columns]